64
20
2022.05.14 16:11:02 周六
0,0,8,
0,0,0,2,4,0,0,0,8,8,4,0,2,8,4,4,
9
184
33
2022.05.14 21:17:45 周六
0,0,9,
4,2,0,0,8,0,0,0,2,0,8,0,8,32,2,4,
9
20
6
2022.05.14 21:18:11 周六
0,0,4,
0,0,0,0,0,0,2,0,0,0,0,0,4,8,0,2,
4
13388
787
2022.05.15 16:18:03 周日
0,11,30,
0,0,0,2,4,2,4,0,2,1024,16,0,4,512,8,0,
10
14440
787
2022.05.15 16:30:03 周日
0,11,30,
0,0,0,2,4,2,4,0,2,1024,1024,0,4,512,8,0,
10
148
24
2022.05.23 20:00:18 周一
0,0,28,
0,0,0,2,0,0,0,0,2,0,2,0,8,32,4,2,
7
0
0
2023.04.29 19:54:13 周六
0,0,23,
0,0,0,0,0,2,0,0,0,0,0,2,0,0,0,0,
2
